Age	3	10	25	50	75	90	97
0	2.507	2.758	3.027	3.346	3.687	4.011	4.35
0.1
0.2
0.3
0.4
0.5
0.6
0.7
0.8
0.9
1	7.844	8.38	8.959	9.646	10.382	11.089	11.83
1.1
1.2
1.3
1.4
1.5
1.6
1.7
1.8
1.9
2	9.802	10.495	11.248	12.148	13.122	14.066	15.065
2.1
2.2
2.3
2.4
2.5
2.6
2.7
2.8
2.9
3	11.437	12.287	13.217	14.339	15.563	16.761	18.041
3.1
3.2
3.3
3.4
3.5
3.6
3.7
3.8
3.9
4	12.898	13.899	15.002	16.343	17.82	19.276	20.844
4.1
4.2
4.3
4.4
4.5
4.6
4.7
4.8
4.9
5	13.2	14.3	15.6	17.1	19.0	21.3	24.2
5.1
5.2
5.3
5.4
5.5
5.6
5.7
5.8
5.9
6	14.5	15.8	17.4	19.3	21.7	24.6	28.3
6.1
6.2
6.3
6.4
6.5
6.6
6.7
6.8
6.9
7	16.0	17.6	19.6	21.9	24.9	28.6	33.4
7.1
7.2
7.3
7.4
7.5
7.6
7.7
7.8
7.9
8	17.5	19.5	21.9	24.8	28.5	33.2	39.4
8.1
8.2
8.3
8.4
8.5
8.6
8.7
8.8
8.9
9	19.1	21.5	24.3	27.9	32.3	38.0	45.5
9.1
9.2
9.3
9.4
9.5
9.6
9.7
9.8
9.9
10	20.7	23.5	26.9	31.1	36.3	43.0	51.8
10.1
10.2
10.3
10.4
10.5
10.6
10.7
10.8
10.9
11	22.6	25.9	29.8	34.7	40.9	48.7	58.7
11.1
11.2
11.3
11.4
11.5
11.6
11.7
11.8
11.9
12	24.9	28.7	33.3	39.0	46.0	54.8	66.1
12.1
12.2
12.3
12.4
12.5
12.6
12.7
12.8
12.9
13	27.5	31.8	37.0	43.3	51.1	60.7	72.6
13.1
13.2
13.3
13.4
13.5
13.6
13.7
13.8
13.9
14	30.7	35.5	41.3	48.2	56.4	66.3	78.3
14.1
14.2
14.3
14.4
14.5
14.6
14.7
14.8
14.9
15	34.5	39.8	45.9	53.1	61.6	71.5	83.1
15.1
15.2
15.3
15.4
15.5
15.6
15.7
15.8
15.9
16	37.5	43.1	49.5	56.8	65.2	74.8	85.8
16.1
16.2
16.3
16.4
16.5
16.6
16.7
16.8
16.9
17	39.8	45.6	52.1	59.5	67.8	77.1	87.5
17.1
17.2
17.3
17.4
17.5
17.6
17.7
17.8
17.9
18	41.8	47.7	54.3	61.6	69.7	78.6	88.4
