Age	3	10	25	50	75	90	97
0	2.507	2.758	3.027	3.346	3.687	4.011	4.35
1	3.433	3.736	4.063	4.453	4.87	5.27	5.69
2	4.363	4.714	5.092	5.541	6.02	6.48	6.961
3	5.065	5.448	5.859	6.346	6.865	7.363	7.882
4	5.611	6.018	6.454	6.97	7.52	8.046	8.596
5	6.05	6.477	6.935	7.477	8.055	8.607	9.184
6	6.41	6.856	7.334	7.9	8.504	9.081	9.684
7	6.714	7.177	7.674	8.263	8.891	9.492	10.12
8	6.977	7.456	7.971	8.58	9.231	9.855	10.507
9	7.211	7.705	8.236	8.866	9.539	10.183	10.858
10	7.425	7.933	8.48	9.128	9.822	10.487	11.183
11	7.624	8.146	8.708	9.374	10.087	10.772	11.49
12	7.813	8.348	8.924	9.608	10.341	11.044	11.783
13	7.994	8.541	9.132	9.833	10.585	11.307	12.066
14	8.169	8.729	9.333	10.051	10.822	11.563	12.342
15	8.339	8.911	9.53	10.265	11.054	11.814	12.612
16	8.505	9.09	9.722	10.474	11.282	12.061	12.88
17	8.668	9.266	9.912	10.681	11.508	12.305	13.145
18	8.829	9.439	10.099	10.885	11.731	12.548	13.408
19	8.986	9.609	10.284	11.087	11.953	12.788	13.669
20	9.142	9.778	10.466	11.288	12.173	13.028	13.931
21	9.297	9.945	10.648	11.488	12.393	13.268	14.192
22	9.45	10.112	10.829	11.687	12.612	13.507	14.454
23	9.602	10.277	11.009	11.885	12.831	13.747	14.716
24	9.752	10.441	11.188	12.083	13.049	13.986	14.978
25	9.901	10.603	11.366	12.279	13.267	14.225	15.24
26	10.048	10.764	11.542	12.474	13.482	14.462	15.5
27	10.193	10.922	11.715	12.665	13.696	14.696	15.758
28	10.335	11.077	11.885	12.854	13.905	14.927	16.012
29	10.474	11.229	12.052	13.04	14.112	15.155	16.263
30	10.609	11.378	12.215	13.222	14.314	15.379	16.51
31	10.742	11.524	12.376	13.4	14.514	15.599	16.753
32	10.873	11.667	12.533	13.576	14.71	15.815	16.993
33	11.001	11.807	12.688	13.749	14.903	16.029	17.229
34	11.127	11.946	12.841	13.919	15.094	16.24	17.463
35	11.252	12.083	12.992	14.088	15.282	16.45	17.695
36	11.376	12.219	13.142	14.255	15.47	16.657	17.926
37	11.499	12.354	13.291	14.422	15.656	16.864	18.155
38	11.621	12.489	13.439	14.588	15.842	17.07	18.384
39	11.743	12.623	13.587	14.753	16.027	17.276	18.612
40	11.864	12.756	13.735	14.918	16.212	17.481	18.84
41	11.985	12.89	13.882	15.083	16.397	17.687	19.069
42	12.106	13.023	14.029	15.248	16.582	17.893	19.298
43	12.227	13.156	14.176	15.413	16.768	18.099	19.528
44	12.347	13.288	14.323	15.577	16.953	18.306	19.758
45	12.466	13.42	14.469	15.742	17.139	18.513	19.99
46	12.585	13.552	14.615	15.906	17.324	18.72	20.222
47	12.703	13.682	14.761	16.07	17.51	18.928	20.454
48	12.82	13.813	14.906	16.234	17.696	19.137	20.688
49	12.937	13.942	15.05	16.398	17.882	19.345	20.923
50	13.053	14.072	15.195	16.562	18.068	19.555	21.158
51	13.169	14.2	15.339	16.725	18.254	19.764	21.394
52	13.284	14.329	15.483	16.889	18.44	19.975	21.631
53	13.399	14.457	15.627	17.053	18.627	20.185	21.869
54	13.513	14.585	15.77	17.216	18.814	20.397	22.108
55	13.627	14.713	15.914	17.38	19.001	20.609	22.348
56	13.741	14.84	16.057	17.543	19.189	20.821	22.588
57	13.854	14.967	16.199	17.707	19.376	21.033	22.828
58	13.966	15.093	16.342	17.87	19.563	21.245	23.07
59	14.079	15.219	16.484	18.032	19.75	21.457	23.311
60	13.2	14.3	15.6	17.1	19.0	21.3	24.2
61	13.2	14.3	15.6	17.1	19.0	21.3	24.2
62	13.2	14.3	15.6	17.1	19.0	21.3	24.2
63	13.2	14.3	15.6	17.1	19.0	21.3	24.2
64	13.2	14.3	15.6	17.1	19.0	21.3	24.2
65	13.2	14.3	15.6	17.1	19.0	21.3	24.2
66	13.8	15.0	16.5	18.2	20.3	22.9	26.1
67	13.8	15.0	16.5	18.2	20.3	22.9	26.1
68	13.8	15.0	16.5	18.2	20.3	22.9	26.1
69	13.8	15.0	16.5	18.2	20.3	22.9	26.1
70	13.8	15.0	16.5	18.2	20.3	22.9	26.1
71	13.8	15.0	16.5	18.2	20.3	22.9	26.1
72	14.5	15.8	17.4	19.3	21.7	24.6	28.3
73	14.5	15.8	17.4	19.3	21.7	24.6	28.3
74	14.5	15.8	17.4	19.3	21.7	24.6	28.3
75	14.5	15.8	17.4	19.3	21.7	24.6	28.3
76	14.5	15.8	17.4	19.3	21.7	24.6	28.3
77	14.5	15.8	17.4	19.3	21.7	24.6	28.3
78	15.3	16.8	18.6	20.7	23.3	26.6	30.8
79	15.3	16.8	18.6	20.7	23.3	26.6	30.8
80	15.3	16.8	18.6	20.7	23.3	26.6	30.8
81	15.3	16.8	18.6	20.7	23.3	26.6	30.8
82	15.3	16.8	18.6	20.7	23.3	26.6	30.8
83	15.3	16.8	18.6	20.7	23.3	26.6	30.8
84	16.0	17.6	19.6	21.9	24.9	28.6	33.4
85	16.0	17.6	19.6	21.9	24.9	28.6	33.4
86	16.0	17.6	19.6	21.9	24.9	28.6	33.4
87	16.0	17.6	19.6	21.9	24.9	28.6	33.4
88	16.0	17.6	19.6	21.9	24.9	28.6	33.4
89	16.0	17.6	19.6	21.9	24.9	28.6	33.4
90	16.7	18.5	20.7	23.3	26.6	30.8	36.2
91	16.7	18.5	20.7	23.3	26.6	30.8	36.2
92	16.7	18.5	20.7	23.3	26.6	30.8	36.2
93	16.7	18.5	20.7	23.3	26.6	30.8	36.2
94	16.7	18.5	20.7	23.3	26.6	30.8	36.2
95	16.7	18.5	20.7	23.3	26.6	30.8	36.2
96	17.5	19.5	21.9	24.8	28.5	33.2	39.4
97	17.5	19.5	21.9	24.8	28.5	33.2	39.4
98	17.5	19.5	21.9	24.8	28.5	33.2	39.4
99	17.5	19.5	21.9	24.8	28.5	33.2	39.4
100	17.5	19.5	21.9	24.8	28.5	33.2	39.4
101	17.5	19.5	21.9	24.8	28.5	33.2	39.4
102	18.3	20.5	23.2	26.4	30.5	35.7	42.6
103	18.3	20.5	23.2	26.4	30.5	35.7	42.6
104	18.3	20.5	23.2	26.4	30.5	35.7	42.6
105	18.3	20.5	23.2	26.4	30.5	35.7	42.6
106	18.3	20.5	23.2	26.4	30.5	35.7	42.6
107	18.3	20.5	23.2	26.4	30.5	35.7	42.6
108	19.1	21.5	24.3	27.9	32.3	38.0	45.5
109	19.1	21.5	24.3	27.9	32.3	38.0	45.5
110	19.1	21.5	24.3	27.9	32.3	38.0	45.5
111	19.1	21.5	24.3	27.9	32.3	38.0	45.5
112	19.1	21.5	24.3	27.9	32.3	38.0	45.5
113	19.1	21.5	24.3	27.9	32.3	38.0	45.5
114	19.9	22.4	25.6	29.4	34.3	40.5	48.6
115	19.9	22.4	25.6	29.4	34.3	40.5	48.6
116	19.9	22.4	25.6	29.4	34.3	40.5	48.6
117	19.9	22.4	25.6	29.4	34.3	40.5	48.6
118	19.9	22.4	25.6	29.4	34.3	40.5	48.6
119	19.9	22.4	25.6	29.4	34.3	40.5	48.6
120	20.7	23.5	26.9	31.1	36.3	43.0	51.8
121	20.7	23.5	26.9	31.1	36.3	43.0	51.8
122	20.7	23.5	26.9	31.1	36.3	43.0	51.8
123	20.7	23.5	26.9	31.1	36.3	43.0	51.8
124	20.7	23.5	26.9	31.1	36.3	43.0	51.8
125	20.7	23.5	26.9	31.1	36.3	43.0	51.8
126	21.6	24.6	28.3	32.8	38.5	45.8	55.2
127	21.6	24.6	28.3	32.8	38.5	45.8	55.2
128	21.6	24.6	28.3	32.8	38.5	45.8	55.2
129	21.6	24.6	28.3	32.8	38.5	45.8	55.2
130	21.6	24.6	28.3	32.8	38.5	45.8	55.2
131	21.6	24.6	28.3	32.8	38.5	45.8	55.2
132	22.6	25.9	29.8	34.7	40.9	48.7	58.7
133	22.6	25.9	29.8	34.7	40.9	48.7	58.7
134	22.6	25.9	29.8	34.7	40.9	48.7	58.7
135	22.6	25.9	29.8	34.7	40.9	48.7	58.7
136	22.6	25.9	29.8	34.7	40.9	48.7	58.7
137	22.6	25.9	29.8	34.7	40.9	48.7	58.7
138	23.8	27.3	31.6	36.9	43.5	51.8	62.5
139	23.8	27.3	31.6	36.9	43.5	51.8	62.5
140	23.8	27.3	31.6	36.9	43.5	51.8	62.5
141	23.8	27.3	31.6	36.9	43.5	51.8	62.5
142	23.8	27.3	31.6	36.9	43.5	51.8	62.5
143	23.8	27.3	31.6	36.9	43.5	51.8	62.5
144	24.9	28.7	33.3	39.0	46.0	54.8	66.1
145	24.9	28.7	33.3	39.0	46.0	54.8	66.1
146	24.9	28.7	33.3	39.0	46.0	54.8	66.1
147	24.9	28.7	33.3	39.0	46.0	54.8	66.1
148	24.9	28.7	33.3	39.0	46.0	54.8	66.1
149	24.9	28.7	33.3	39.0	46.0	54.8	66.1
150	26.1	30.2	35.1	41.2	48.6	57.8	69.5
151	26.1	30.2	35.1	41.2	48.6	57.8	69.5
152	26.1	30.2	35.1	41.2	48.6	57.8	69.5
153	26.1	30.2	35.1	41.2	48.6	57.8	69.5
154	26.1	30.2	35.1	41.2	48.6	57.8	69.5
155	26.1	30.2	35.1	41.2	48.6	57.8	69.5
156	27.5	31.8	37.0	43.3	51.1	60.7	72.6
157	27.5	31.8	37.0	43.3	51.1	60.7	72.6
158	27.5	31.8	37.0	43.3	51.1	60.7	72.6
159	27.5	31.8	37.0	43.3	51.1	60.7	72.6
160	27.5	31.8	37.0	43.3	51.1	60.7	72.6
161	27.5	31.8	37.0	43.3	51.1	60.7	72.6
162	29.0	33.6	39.1	45.7	53.8	63.6	75.6
163	29.0	33.6	39.1	45.7	53.8	63.6	75.6
164	29.0	33.6	39.1	45.7	53.8	63.6	75.6
165	29.0	33.6	39.1	45.7	53.8	63.6	75.6
166	29.0	33.6	39.1	45.7	53.8	63.6	75.6
167	29.0	33.6	39.1	45.7	53.8	63.6	75.6
168	30.7	35.5	41.3	48.2	56.4	66.3	78.3
169	30.7	35.5	41.3	48.2	56.4	66.3	78.3
170	30.7	35.5	41.3	48.2	56.4	66.3	78.3
171	30.7	35.5	41.3	48.2	56.4	66.3	78.3
172	30.7	35.5	41.3	48.2	56.4	66.3	78.3
173	30.7	35.5	41.3	48.2	56.4	66.3	78.3
174	32.6	37.7	43.7	50.8	59.1	69.1	80.9
175	32.6	37.7	43.7	50.8	59.1	69.1	80.9
176	32.6	37.7	43.7	50.8	59.1	69.1	80.9
177	32.6	37.7	43.7	50.8	59.1	69.1	80.9
178	32.6	37.7	43.7	50.8	59.1	69.1	80.9
179	32.6	37.7	43.7	50.8	59.1	69.1	80.9
180	34.5	39.8	45.9	53.1	61.6	71.5	83.1
181	34.5	39.8	45.9	53.1	61.6	71.5	83.1
182	34.5	39.8	45.9	53.1	61.6	71.5	83.1
183	34.5	39.8	45.9	53.1	61.6	71.5	83.1
184	34.5	39.8	45.9	53.1	61.6	71.5	83.1
185	34.5	39.8	45.9	53.1	61.6	71.5	83.1
186	36.1	41.6	47.9	55.2	63.6	73.4	84.7
187	36.1	41.6	47.9	55.2	63.6	73.4	84.7
188	36.1	41.6	47.9	55.2	63.6	73.4	84.7
189	36.1	41.6	47.9	55.2	63.6	73.4	84.7
190	36.1	41.6	47.9	55.2	63.6	73.4	84.7
191	36.1	41.6	47.9	55.2	63.6	73.4	84.7
192	37.5	43.1	49.5	56.8	65.2	74.8	85.8
193	37.5	43.1	49.5	56.8	65.2	74.8	85.8
194	37.5	43.1	49.5	56.8	65.2	74.8	85.8
195	37.5	43.1	49.5	56.8	65.2	74.8	85.8
196	37.5	43.1	49.5	56.8	65.2	74.8	85.8
197	37.5	43.1	49.5	56.8	65.2	74.8	85.8
198	38.7	44.4	50.9	58.2	66.6	76.1	86.8
199	38.7	44.4	50.9	58.2	66.6	76.1	86.8
200	38.7	44.4	50.9	58.2	66.6	76.1	86.8
201	38.7	44.4	50.9	58.2	66.6	76.1	86.8
202	38.7	44.4	50.9	58.2	66.6	76.1	86.8
203	38.7	44.4	50.9	58.2	66.6	76.1	86.8
204	39.8	45.6	52.1	59.5	67.8	77.1	87.5
205	39.8	45.6	52.1	59.5	67.8	77.1	87.5
206	39.8	45.6	52.1	59.5	67.8	77.1	87.5
207	39.8	45.6	52.1	59.5	67.8	77.1	87.5
208	39.8	45.6	52.1	59.5	67.8	77.1	87.5
209	39.8	45.6	52.1	59.5	67.8	77.1	87.5
210	40.8	46.7	53.2	60.6	68.7	77.8	88.0
211	40.8	46.7	53.2	60.6	68.7	77.8	88.0
212	40.8	46.7	53.2	60.6	68.7	77.8	88.0
213	40.8	46.7	53.2	60.6	68.7	77.8	88.0
214	40.8	46.7	53.2	60.6	68.7	77.8	88.0
215	40.8	46.7	53.2	60.6	68.7	77.8	88.0
216	41.8	47.7	54.3	61.6	69.7	78.6	88.4
